# Camera calibration data made with the camera_calibration package
image_width: 640
image_height: 480
camera_name: narrow_stereo
camera_matrix:
  rows: 3
  cols: 3
  data: [530.47292,   0.     , 357.1054 ,
           0.     , 530.51882, 258.43042,
           0.     ,   0.     ,   1.     ]
distortion_model: plumb_bob
distortion_coefficients:
  rows: 1
  cols: 5
  data: [0.073635, -0.121473, -0.000465, 0.015358, 0.000000]
rectification_matrix:
  rows: 3
  cols: 3
  data: [1., 0., 0.,
         0., 1., 0.,
         0., 0., 1.]
projection_matrix:
  rows: 3
  cols: 4
  data: [530.87   ,   0.     , 366.27704,   0.     ,
           0.     , 542.0304 , 257.95116,   0.     ,
           0.     ,   0.     ,   1.     ,   0.     ]
