# Camera calibration data made with the camera_calibration package
image_width: 640
image_height: 480
camera_name: narrow_stereo
camera_matrix:
  rows: 3
  cols: 3
  data: [540.724419, 0.000000, 340.842488,
         0.000000, 538.763253, 243.986418,
         0.000000, 0.000000, 1.000000]
distortion_model: plumb_bob
distortion_coefficients:
  rows: 1
  cols: 5
  data: [0.087939, -0.140634, 0.002966, 0.008088, 0.000000]
rectification_matrix:
  rows: 3
  cols: 3
  data: [1., 0., 0.,
         0., 1., 0.,
         0., 0., 1.]
projection_matrix:
  rows: 3
  cols: 4
  data: [546.45  ,   0.     , 345.29,   0.     ,
           0.     , 548.28, 244.66,   0.     ,
           0.     ,   0.     ,   1.     ,   0.     ]
